0 0.532000 0.710000 0.133333 0.112000
0 0.596000 0.556500 0.146667 0.143000
0 0.503333 0.473500 0.118667 0.089000
0 0.562667 0.816500 0.138667 0.099000
0 0.436000 0.798500 0.133333 0.119000
0 0.434667 0.655000 0.104000 0.118000
0 0.333333 0.710000 0.120000 0.084000
0 0.392667 0.492500 0.097333 0.077000
0 0.391333 0.302000 0.156000 0.130000
0 0.497333 0.341000 0.112000 0.096000
0 0.364000 0.207000 0.176000 0.080000
0 0.628667 0.437000 0.177333 0.094000
0 0.348667 0.613500 0.177333 0.111000
0 0.238667 0.715000 0.082667 0.086000
0 0.536667 0.221500 0.156000 0.145000
0 0.321333 0.425000 0.178667 0.138000
0 0.325333 0.538500 0.184000 0.087000
0 0.227333 0.619000 0.076000 0.090000
0 0.614667 0.338500 0.136000 0.105000
0 0.336000 0.768000 0.088000 0.048000
0 0.297333 0.805500 0.088000 0.073000
0 0.636667 0.663000 0.097333 0.090000
0 0.678667 0.517500 0.085333 0.067000
0 0.233333 0.344000 0.208000 0.148000
0 0.759333 0.443000 0.086667 0.098000
0 0.723333 0.603000 0.094667 0.086000
0 0.367333 0.885000 0.105333 0.054000
0 0.310000 0.901500 0.065333 0.057000
