0 0.480667 0.534000 0.105333 0.084000
0 0.404667 0.575500 0.100000 0.119000
0 0.499333 0.606500 0.094667 0.073000
0 0.492000 0.436000 0.101333 0.086000
0 0.580667 0.400500 0.118667 0.089000
0 0.492000 0.314500 0.152000 0.089000
0 0.323333 0.393000 0.108000 0.138000
0 0.363333 0.276500 0.126667 0.081000
0 0.295333 0.510500 0.092000 0.103000
0 0.473333 0.668000 0.101333 0.080000
0 0.584667 0.575000 0.081333 0.092000
0 0.558667 0.658500 0.072000 0.073000
0 0.370667 0.677500 0.112000 0.087000
0 0.310667 0.583000 0.101333 0.060000
0 0.293333 0.714000 0.125333 0.068000
0 0.472667 0.735500 0.092000 0.083000
0 0.565333 0.736500 0.096000 0.087000
0 0.564000 0.484000 0.090667 0.092000
0 0.426667 0.823500 0.069333 0.073000
0 0.348000 0.804500 0.085333 0.113000
0 0.416000 0.860000 0.074667 0.076000
0 0.536667 0.791000 0.070667 0.060000
0 0.622000 0.658000 0.054667 0.070000
0 0.642000 0.504000 0.102667 0.056000
0 0.254667 0.408500 0.080000 0.129000
0 0.550667 0.259000 0.122667 0.096000
0 0.604667 0.330000 0.089333 0.060000
0 0.670667 0.429500 0.093333 0.103000
0 0.328667 0.643500 0.081333 0.061000
0 0.326667 0.208000 0.130667 0.084000
0 0.591333 0.184500 0.204000 0.111000
