0 0.446667 0.807500 0.068667 0.072000
0 0.547500 0.485000 0.074333 0.080000
0 0.427167 0.431375 0.119000 0.072750
0 0.374833 0.542500 0.079000 0.075000
0 0.497667 0.617125 0.073333 0.074250
0 0.511500 0.385000 0.063000 0.073000
0 0.378167 0.351375 0.089667 0.062750
0 0.487167 0.522125 0.085000 0.094250
0 0.575167 0.546375 0.087667 0.095750
0 0.423833 0.582500 0.074333 0.086500
0 0.441500 0.636375 0.065667 0.055750
0 0.360833 0.608250 0.059000 0.068000
0 0.469000 0.665000 0.071333 0.050000
0 0.513333 0.675000 0.064667 0.048500
0 0.555333 0.655375 0.051333 0.057750
0 0.454833 0.712500 0.054333 0.056500
0 0.496667 0.733500 0.060000 0.080000
0 0.531500 0.716500 0.057000 0.060000
0 0.532500 0.757125 0.047667 0.047250
0 0.415333 0.743625 0.064667 0.067250
0 0.390833 0.780625 0.079000 0.084250
0 0.448500 0.367500 0.070333 0.059500
0 0.314833 0.577500 0.043000 0.066500
0 0.326667 0.511875 0.078000 0.050750
0 0.585833 0.447875 0.112333 0.097250
0 0.380500 0.824375 0.063667 0.045750
0 0.367167 0.661750 0.079000 0.065000
