0 0.475667 0.801375 0.064000 0.054250
0 0.414833 0.783250 0.063667 0.053500
0 0.514167 0.685750 0.074333 0.058500
0 0.457500 0.701375 0.067667 0.055750
0 0.487000 0.732500 0.060000 0.039500
0 0.425833 0.663500 0.059000 0.048500
0 0.430833 0.603125 0.081000 0.059250
0 0.495167 0.604375 0.061000 0.045750
0 0.406167 0.504000 0.071667 0.053500
0 0.549500 0.520375 0.074333 0.052250
0 0.484667 0.532500 0.068667 0.052000
0 0.334833 0.363250 0.069667 0.055000
0 0.397167 0.346375 0.074333 0.055750
0 0.547000 0.340375 0.086667 0.060750
0 0.482000 0.376750 0.080000 0.063500
0 0.558500 0.396875 0.083000 0.059250
0 0.443333 0.466125 0.069333 0.052250
0 0.406667 0.432875 0.074000 0.047250
0 0.541333 0.587875 0.075333 0.045750
0 0.588667 0.479250 0.080000 0.063000
0 0.538000 0.447125 0.078000 0.057250
0 0.625167 0.438875 0.079000 0.057750
0 0.620500 0.382500 0.065667 0.052000
0 0.411833 0.710375 0.050333 0.050750
0 0.364833 0.402500 0.063000 0.046500
0 0.507667 0.486750 0.070667 0.048000
