0 0.482000 0.336000 0.076000 0.076000
0 0.562000 0.343000 0.070667 0.076000
0 0.614000 0.326500 0.054667 0.053000
0 0.528667 0.436000 0.102667 0.094000
0 0.635333 0.483500 0.126667 0.051000
0 0.564000 0.572000 0.077333 0.072000
0 0.538667 0.651500 0.090667 0.105000
0 0.512667 0.744000 0.070667 0.080000
0 0.578667 0.736500 0.058667 0.047000
0 0.514667 0.797500 0.077333 0.065000
0 0.434000 0.712000 0.113333 0.080000
0 0.466667 0.635000 0.064000 0.076000
0 0.500667 0.562000 0.078667 0.106000
0 0.548667 0.502000 0.134667 0.062000
0 0.628000 0.708000 0.114667 0.116000
0 0.424000 0.458000 0.109333 0.126000
0 0.416667 0.552500 0.126667 0.083000
0 0.422000 0.614500 0.086667 0.077000
0 0.346667 0.319000 0.149333 0.078000
0 0.364000 0.356000 0.104000 0.070000
0 0.376000 0.419500 0.138667 0.111000
0 0.597333 0.401000 0.088000 0.066000
0 0.646667 0.390000 0.109333 0.080000
0 0.594667 0.619000 0.064000 0.068000
0 0.343333 0.488000 0.054667 0.040000
0 0.919333 0.427500 0.065333 0.059000
0 0.968000 0.458000 0.064000 0.086000
0 0.970000 0.584500 0.057333 0.071000
0 0.729333 0.685000 0.056000 0.076000
0 0.796000 0.726000 0.069333 0.070000
0 0.781333 0.781000 0.056000 0.066000
0 0.897333 0.494500 0.090667 0.093000
0 0.837333 0.486000 0.058667 0.062000
0 0.826667 0.438500 0.114667 0.083000
0 0.761333 0.861500 0.053333 0.075000
0 0.760000 0.964000 0.056000 0.072000
0 0.934667 0.895000 0.096000 0.112000
0 0.942667 0.819000 0.085333 0.050000
0 0.868667 0.678000 0.057333 0.066000
0 0.698000 0.584500 0.086667 0.081000
0 0.733333 0.517000 0.053333 0.034000
0 0.777333 0.575500 0.053333 0.083000
0 0.855333 0.553000 0.070667 0.074000
0 0.828000 0.661500 0.058667 0.065000
0 0.948667 0.621000 0.057333 0.060000
0 0.675333 0.685000 0.049333 0.062000
0 0.726000 0.807000 0.057333 0.076000
0 0.908000 0.576500 0.077333 0.057000
