0 0.475667 0.801000 0.064000 0.055000
0 0.414833 0.783250 0.065667 0.055000
0 0.513333 0.686375 0.076000 0.057250
0 0.455667 0.701750 0.064000 0.055000
0 0.487500 0.732125 0.059000 0.042750
0 0.414333 0.710750 0.049333 0.050000
0 0.431833 0.602875 0.079000 0.057250
0 0.427500 0.662875 0.061000 0.047250
0 0.497167 0.603500 0.055000 0.048500
0 0.536167 0.447125 0.078333 0.055750
0 0.589167 0.480000 0.081000 0.061500
0 0.443333 0.465750 0.069333 0.051500
0 0.549000 0.522125 0.073333 0.055750
0 0.507667 0.485375 0.070667 0.052250
0 0.517667 0.645750 0.050667 0.033000
0 0.541333 0.584250 0.075333 0.048500
0 0.544667 0.554000 0.064667 0.033500
0 0.406167 0.502875 0.071667 0.052750
0 0.604833 0.522125 0.049667 0.042750
0 0.625167 0.437875 0.077000 0.058750
0 0.544667 0.339625 0.082000 0.062250
0 0.480000 0.374375 0.082000 0.064250
0 0.558167 0.398125 0.087667 0.059250
0 0.622333 0.382500 0.064000 0.053500
0 0.336167 0.363250 0.074333 0.056500
0 0.395333 0.345000 0.080000 0.055500
0 0.407667 0.435625 0.078000 0.054250
0 0.430000 0.388875 0.069333 0.052250
0 0.481500 0.532500 0.065667 0.055000
0 0.471000 0.565000 0.062000 0.040000
0 0.407667 0.535750 0.070667 0.038500
0 0.369000 0.476375 0.058000 0.054250
0 0.343333 0.434625 0.046667 0.047750
0 0.366167 0.402875 0.063667 0.051250
