0 0.657667 0.451750 0.117333 0.046500
0 0.604667 0.482500 0.053333 0.042000
0 0.563833 0.530000 0.055000 0.081500
0 0.441000 0.510000 0.068667 0.090000
0 0.496167 0.436375 0.045667 0.055750
0 0.509500 0.540000 0.057000 0.074500
0 0.379500 0.527125 0.069667 0.068750
0 0.366667 0.476750 0.064667 0.056500
0 0.490000 0.481125 0.106000 0.052250
0 0.446667 0.443625 0.051333 0.034250
0 0.278000 0.437500 0.093333 0.039500
0 0.557667 0.596125 0.075333 0.072250
0 0.499500 0.605000 0.054333 0.070000
0 0.515167 0.672250 0.049667 0.060000
0 0.509500 0.720375 0.045667 0.060750
0 0.466167 0.646000 0.050333 0.085000
0 0.476167 0.572125 0.051667 0.042750
0 0.401000 0.600000 0.051333 0.045500
0 0.412833 0.558125 0.058333 0.069250
0 0.461833 0.730375 0.061000 0.059250
0 0.465167 0.686750 0.056333 0.058000
0 0.563333 0.650375 0.035333 0.042250
0 0.562333 0.680750 0.050667 0.028500
0 0.635333 0.514625 0.068667 0.070750
0 0.654667 0.487250 0.062000 0.040000
0 0.307667 0.508250 0.076000 0.072000
0 0.293833 0.562125 0.052333 0.051250
0 0.357500 0.582875 0.052333 0.044250
0 0.281500 0.476125 0.069667 0.040750
0 0.422833 0.650375 0.061000 0.067750
0 0.394333 0.642250 0.042000 0.040000
0 0.262833 0.520625 0.034333 0.045750
0 0.351333 0.637500 0.026667 0.028000
0 0.352500 0.663125 0.034333 0.029250
0 0.332000 0.604625 0.046667 0.033750
0 0.418667 0.688625 0.046667 0.034250
