0 0.545167 0.454250 0.038333 0.035000
0 0.554500 0.498000 0.058333 0.046000
0 0.480333 0.444125 0.040667 0.036250
0 0.502167 0.424750 0.038333 0.036000
0 0.419667 0.412750 0.072000 0.035500
0 0.442667 0.502250 0.048000 0.033500
0 0.468500 0.527250 0.039000 0.031000
0 0.428500 0.536625 0.042333 0.037750
0 0.500000 0.521375 0.064000 0.030750
0 0.584500 0.468125 0.057667 0.042750
0 0.628167 0.510625 0.074333 0.043250
0 0.590000 0.524375 0.045333 0.052250
0 0.422000 0.451875 0.073333 0.042750
0 0.377833 0.441375 0.068333 0.027250
0 0.376667 0.414500 0.046667 0.031000
0 0.513667 0.462875 0.038000 0.042250
0 0.375833 0.488625 0.055667 0.031750
0 0.392167 0.524250 0.055667 0.039500
0 0.336333 0.467750 0.048667 0.035500
0 0.334000 0.434500 0.032667 0.031000
0 0.330333 0.507750 0.046000 0.045500
0 0.371833 0.558625 0.034333 0.033750
0 0.414500 0.566625 0.057000 0.037750
0 0.500833 0.549375 0.043000 0.027750
0 0.542333 0.536125 0.047333 0.042250
0 0.488500 0.635250 0.039000 0.048500
0 0.500667 0.571625 0.047333 0.042250
0 0.526667 0.593000 0.037333 0.040500
0 0.483333 0.598250 0.038000 0.035500
0 0.450000 0.619500 0.044000 0.051000
0 0.518167 0.618000 0.043667 0.036000
0 0.537500 0.636375 0.036333 0.029250
0 0.555167 0.606375 0.025667 0.036250
0 0.576667 0.556625 0.040667 0.027750
0 0.534167 0.675375 0.050333 0.047250
0 0.579333 0.652000 0.028000 0.026000
0 0.528833 0.709125 0.038333 0.033750
0 0.480667 0.669375 0.040000 0.052250
0 0.494833 0.700625 0.032333 0.033250
0 0.446667 0.671875 0.040000 0.041750
0 0.416000 0.602500 0.039333 0.030500
0 0.414167 0.626875 0.024333 0.021750
0 0.421500 0.661375 0.025000 0.027250
