0 0.305471 0.098183 0.030493 0.038927
0 0.320069 0.148501 0.048010 0.050750
0 0.286224 0.176903 0.030493 0.054498
0 0.230428 0.143454 0.042604 0.070069
0 0.261354 0.093137 0.029628 0.039792
0 0.181553 0.119521 0.032656 0.032007
0 0.202314 0.174164 0.043901 0.047290
0 0.264490 0.186275 0.031574 0.064014
0 0.235619 0.091551 0.022708 0.032007
0 0.392842 0.298875 0.055580 0.055075
0 0.320069 0.378316 0.056228 0.081892
0 0.391652 0.397491 0.038062 0.065456
0 0.429066 0.352220 0.077855 0.059112
0 0.459126 0.400663 0.071367 0.060842
0 0.439230 0.446223 0.066609 0.083333
0 0.393166 0.464965 0.045415 0.058535
0 0.266977 0.346453 0.057310 0.094291
0 0.216912 0.326990 0.077855 0.086505
0 0.157007 0.342561 0.048010 0.059977
0 0.127487 0.330450 0.043901 0.044983
0 0.330882 0.306949 0.055363 0.102941
0 0.275087 0.405709 0.050173 0.049020
0 0.194096 0.388120 0.040441 0.044983
0 0.176254 0.392013 0.031574 0.070069
0 0.141003 0.380767 0.036765 0.041234
0 0.132245 0.419694 0.035683 0.038351
0 0.230969 0.261101 0.064879 0.074683
0 0.357699 0.428201 0.056661 0.069204
0 0.215506 0.431661 0.075908 0.068627
0 0.255190 0.472174 0.064446 0.087370
0 0.310229 0.448818 0.052552 0.076413
0 0.343101 0.505334 0.070718 0.085063
0 0.277141 0.536476 0.062500 0.067762
0 0.318880 0.575548 0.050389 0.070934
0 0.363971 0.553777 0.048010 0.072376
0 0.238322 0.541234 0.016436 0.050750
0 0.185121 0.463668 0.036332 0.046713
0 0.194529 0.545559 0.045631 0.071511
0 0.238538 0.585208 0.046280 0.059112
0 0.411008 0.536621 0.054282 0.081892
0 0.444312 0.488610 0.057742 0.049885
0 0.453287 0.528691 0.031574 0.032007
0 0.420415 0.600058 0.053201 0.064014
0 0.190311 0.608564 0.045415 0.076413
0 0.222751 0.639706 0.036765 0.049885
0 0.209126 0.667964 0.031574 0.043541
0 0.275087 0.608276 0.058391 0.076990
0 0.270112 0.656574 0.060121 0.059977
0 0.324178 0.625721 0.048010 0.079585
0 0.384083 0.646915 0.049740 0.060842
0 0.440203 0.663206 0.060337 0.060554
0 0.339641 0.689014 0.050822 0.101211
0 0.380298 0.700980 0.037413 0.059977
0 0.409818 0.721309 0.046280 0.087947
0 0.290874 0.700980 0.052768 0.077278
0 0.355428 0.759516 0.052119 0.061707
0 0.393382 0.798731 0.048443 0.108997
0 0.437824 0.767589 0.047362 0.062284
0 0.306337 0.748126 0.043901 0.056228
0 0.297037 0.818772 0.072016 0.078720
0 0.341155 0.831459 0.060770 0.101211
0 0.416847 0.824106 0.028763 0.057093
0 0.377054 0.882497 0.049524 0.109862
0 0.327747 0.892301 0.052552 0.078143
0 0.736808 0.214245 0.039792 0.053057
0 0.771086 0.223183 0.035683 0.049020
0 0.765787 0.270905 0.033304 0.047578
0 0.733348 0.262111 0.041955 0.044406
0 0.790009 0.296136 0.032872 0.046713
0 0.682742 0.117647 0.021626 0.035755
0 0.650952 0.130190 0.030277 0.049885
0 0.605861 0.204296 0.037413 0.049885
0 0.628676 0.217416 0.033737 0.055940
0 0.620567 0.272347 0.032656 0.058535
0 0.606185 0.307093 0.031142 0.040369
0 0.594507 0.257209 0.033304 0.053057
0 0.580450 0.303057 0.020329 0.037486
0 0.575260 0.339821 0.025087 0.034314
0 0.598616 0.347463 0.032007 0.042099
0 0.635921 0.306949 0.027465 0.034314
0 0.646843 0.222030 0.024654 0.048443
0 0.673335 0.266148 0.027465 0.062860
0 0.705558 0.245819 0.037846 0.061419
0 0.753785 0.319060 0.039576 0.052191
0 0.681012 0.337082 0.031142 0.053633
0 0.663170 0.366349 0.035251 0.054498
0 0.636894 0.345300 0.032872 0.059112
0 0.712803 0.351788 0.038495 0.059977
0 0.741458 0.366349 0.032656 0.043541
0 0.805580 0.245098 0.049740 0.047290
0 0.819312 0.281286 0.053849 0.045271
0 0.818663 0.319925 0.046929 0.060265
0 0.807850 0.378460 0.037846 0.056805
0 0.785143 0.343570 0.039144 0.065456
0 0.770437 0.386246 0.035683 0.072376
0 0.710856 0.398356 0.032007 0.034314
0 0.740593 0.414937 0.040441 0.053633
0 0.634840 0.392445 0.027465 0.038062
0 0.755623 0.445069 0.035035 0.043541
0 0.788495 0.422722 0.044983 0.039792
0 0.786548 0.459343 0.044550 0.035179
0 0.745567 0.485871 0.038711 0.057093
0 0.717777 0.449250 0.041522 0.064591
0 0.718426 0.501153 0.034602 0.055940
0 0.769896 0.500721 0.033304 0.066032
0 0.753785 0.535035 0.024438 0.041234
0 0.738862 0.527537 0.024005 0.027970
0 0.716912 0.589533 0.031574 0.064879
0 0.732375 0.614475 0.030926 0.049020
0 0.696259 0.553057 0.032223 0.055363
0 0.689446 0.469146 0.026817 0.054787
0 0.609753 0.391292 0.022708 0.048443
0 0.653871 0.472174 0.029196 0.054498
0 0.639814 0.421424 0.025735 0.021050
0 0.707288 0.174596 0.043901 0.054498
