0 0.465667 0.676125 0.064667 0.050750
0 0.528167 0.691000 0.050333 0.066500
0 0.667167 0.628500 0.048333 0.040000
0 0.466667 0.712875 0.055333 0.037250
0 0.484667 0.625375 0.053333 0.040750
0 0.530500 0.637500 0.036333 0.049500
0 0.541000 0.598625 0.053333 0.064250
0 0.623833 0.620000 0.061000 0.057000
0 0.465667 0.545375 0.066667 0.063750
0 0.507167 0.565375 0.050333 0.040750
0 0.612333 0.521750 0.053333 0.042000
0 0.614833 0.475375 0.050333 0.039250
0 0.651333 0.546125 0.051333 0.050750
0 0.702833 0.553875 0.055000 0.037750
0 0.693833 0.518625 0.054333 0.034250
0 0.602833 0.556500 0.055000 0.031500
0 0.614333 0.580375 0.053333 0.036250
0 0.672333 0.588875 0.057333 0.047750
0 0.553667 0.392875 0.060000 0.052750
0 0.743333 0.571750 0.054000 0.038000
0 0.648000 0.500750 0.058000 0.040000
0 0.662333 0.465625 0.046667 0.034250
0 0.363833 0.336750 0.101000 0.043500
0 0.403833 0.372500 0.063000 0.043500
0 0.411500 0.281125 0.085667 0.059250
0 0.451000 0.326375 0.058000 0.044250
0 0.584167 0.353875 0.079000 0.042250
0 0.518500 0.332875 0.083000 0.035750
0 0.444667 0.417750 0.053333 0.060000
0 0.388500 0.448125 0.063000 0.050750
0 0.391833 0.412500 0.052333 0.040500
0 0.501333 0.371000 0.060000 0.043500
0 0.511000 0.279250 0.062000 0.041500
0 0.623333 0.376500 0.079333 0.041500
0 0.496167 0.414000 0.049667 0.046500
0 0.548667 0.437125 0.053333 0.044250
0 0.447667 0.505625 0.051333 0.044250
0 0.639500 0.440000 0.050333 0.034500
0 0.683333 0.401375 0.054000 0.032750
0 0.688667 0.435625 0.051333 0.034250
0 0.739000 0.532125 0.049333 0.044250
0 0.446333 0.591750 0.060000 0.042000
0 0.565667 0.468875 0.064667 0.040750
0 0.578167 0.501750 0.049667 0.036500
0 0.719167 0.598500 0.045667 0.041500
