0 0.282223 0.655998 0.022924 0.045559
0 0.308391 0.667243 0.029412 0.040369
0 0.271194 0.694348 0.032007 0.034602
0 0.301687 0.692618 0.025519 0.051903
0 0.321367 0.698385 0.015571 0.027682
0 0.330666 0.665513 0.018599 0.033449
0 0.315744 0.626298 0.021626 0.047290
0 0.331964 0.603518 0.033304 0.038639
0 0.295199 0.621972 0.020329 0.040946
0 0.305363 0.589677 0.021626 0.047866
0 0.272491 0.627739 0.024221 0.024798
0 0.275735 0.598039 0.038495 0.032295
0 0.363971 0.455306 0.016869 0.049020
0 0.327422 0.438293 0.019031 0.056517
0 0.341047 0.422434 0.021194 0.034025
0 0.347102 0.445790 0.020329 0.026528
0 0.270761 0.468281 0.022491 0.046136
0 0.339965 0.509516 0.019031 0.027105
0 0.321583 0.494521 0.017734 0.029412
0 0.325260 0.517878 0.019896 0.023068
0 0.288062 0.501153 0.025952 0.042676
0 0.288279 0.455306 0.021194 0.045559
0 0.255623 0.475490 0.019031 0.037486
0 0.308824 0.455017 0.025087 0.036909
0 0.308391 0.419550 0.034602 0.045559
0 0.309256 0.539504 0.020761 0.050173
0 0.328287 0.547578 0.018166 0.038639
0 0.284386 0.561419 0.030709 0.043253
0 0.271410 0.547001 0.025519 0.046713
0 0.360510 0.503460 0.022059 0.039216
0 0.338884 0.483564 0.019464 0.031719
0 0.374351 0.494233 0.019464 0.033449
0 0.356185 0.600058 0.016003 0.024798
0 0.428417 0.377307 0.029844 0.024510
0 0.453936 0.379614 0.016869 0.024510
0 0.468750 0.395473 0.025735 0.034314
0 0.495026 0.401961 0.026384 0.024798
0 0.444204 0.417243 0.018166 0.035179
0 0.478914 0.423875 0.024005 0.029988
0 0.429174 0.421280 0.016652 0.043253
0 0.431228 0.457757 0.019464 0.024510
0 0.467669 0.449683 0.020112 0.034314
0 0.449503 0.440888 0.017085 0.023068
0 0.450800 0.474481 0.020978 0.040657
0 0.466912 0.474913 0.011678 0.018454
0 0.440636 0.479815 0.018382 0.038062
0 0.426254 0.501730 0.020761 0.041522
0 0.384624 0.464965 0.024438 0.042388
0 0.457288 0.503893 0.019680 0.025663
0 0.440852 0.527393 0.018815 0.025375
0 0.416847 0.428777 0.014922 0.027682
0 0.470804 0.513841 0.019464 0.025375
0 0.480212 0.464965 0.017950 0.025087
0 0.454909 0.548155 0.023573 0.023645
0 0.469183 0.532439 0.026168 0.023933
0 0.416955 0.522780 0.015138 0.023068
0 0.423659 0.546280 0.017734 0.033737
0 0.435337 0.562716 0.019464 0.035467
0 0.454477 0.570069 0.017950 0.024221
0 0.471778 0.577855 0.016652 0.029412
0 0.439987 0.592272 0.016652 0.035179
0 0.431445 0.609573 0.016003 0.042676
0 0.455666 0.597030 0.015138 0.031430
0 0.449719 0.617070 0.020112 0.016148
0 0.580990 0.460784 0.024438 0.027682
0 0.567150 0.443772 0.025735 0.032872
0 0.601752 0.441897 0.015787 0.038927
0 0.599157 0.473039 0.020978 0.024510
0 0.618728 0.486015 0.022491 0.038927
0 0.617215 0.435121 0.017734 0.032295
0 0.631272 0.430796 0.019031 0.031719
0 0.633002 0.474625 0.015138 0.036332
0 0.574394 0.507065 0.023356 0.032584
0 0.601211 0.498414 0.023789 0.023356
0 0.579369 0.529412 0.025952 0.032295
0 0.610078 0.526384 0.017734 0.028547
0 0.593966 0.539648 0.022275 0.033737
0 0.610727 0.554210 0.019464 0.028835
0 0.631055 0.557526 0.020761 0.027970
0 0.627487 0.523068 0.016652 0.028258
0 0.644896 0.538783 0.019896 0.025087
0 0.649978 0.561563 0.020545 0.024510
0 0.574286 0.557093 0.020545 0.021338
0 0.611592 0.598183 0.019464 0.027970
0 0.619918 0.577134 0.016652 0.022203
0 0.600995 0.581315 0.022059 0.023068
0 0.639922 0.584631 0.021626 0.023933
0 0.630731 0.598472 0.017950 0.030854
0 0.640247 0.612313 0.020978 0.031430
0 0.619269 0.621396 0.020978 0.028835
0 0.581964 0.579585 0.016436 0.020185
0 0.620675 0.647347 0.017301 0.031719
0 0.640571 0.649221 0.021626 0.027970
0 0.624567 0.667676 0.019464 0.026817
0 0.622189 0.683247 0.018166 0.026817
0 0.597535 0.607266 0.017301 0.025375
0 0.604239 0.634660 0.017734 0.025952
0 0.599913 0.654988 0.022059 0.025087
0 0.606618 0.669118 0.017301 0.027970
0 0.587587 0.629758 0.016869 0.024221
