0 0.446167 0.737875 0.058333 0.097250
0 0.393000 0.705375 0.060000 0.079250
0 0.659000 0.699625 0.082000 0.083750
0 0.589500 0.689625 0.072333 0.090750
0 0.556167 0.666750 0.059000 0.066500
0 0.468000 0.680375 0.048667 0.047750
0 0.448167 0.647875 0.056333 0.064250
0 0.641333 0.608500 0.062000 0.071500
0 0.601833 0.625000 0.045667 0.051500
0 0.616167 0.537250 0.061000 0.090000
0 0.426167 0.567500 0.056333 0.078000
0 0.553833 0.501125 0.075000 0.072250
0 0.483833 0.555000 0.070333 0.053000
0 0.484833 0.604000 0.049667 0.053500
0 0.662333 0.494750 0.090667 0.085000
0 0.671500 0.446750 0.047667 0.058000
0 0.370000 0.585000 0.062000 0.043000
0 0.377667 0.550000 0.058000 0.051500
0 0.381500 0.495625 0.067667 0.074250
0 0.329000 0.504625 0.060000 0.060750
0 0.448167 0.426000 0.056333 0.065000
0 0.426667 0.460375 0.062667 0.082250
0 0.444833 0.512500 0.059000 0.056500
0 0.545167 0.557500 0.043000 0.039500
0 0.585667 0.571500 0.038000 0.038500
0 0.365333 0.445750 0.062000 0.063000
0 0.396667 0.612125 0.050667 0.041250
0 0.433833 0.327500 0.054333 0.043500
0 0.482833 0.318875 0.049667 0.060750
0 0.544167 0.375000 0.054333 0.058500
0 0.359500 0.366000 0.063667 0.076500
0 0.406167 0.378250 0.052333 0.076500
0 0.416167 0.300750 0.074333 0.051500
0 0.541500 0.319750 0.079000 0.085000
0 0.614167 0.328250 0.047667 0.053500
0 0.598167 0.349000 0.047667 0.045000
0 0.574333 0.407125 0.051333 0.068750
0 0.634667 0.386000 0.084667 0.053500
0 0.517667 0.424625 0.056000 0.063750
0 0.487500 0.503625 0.047667 0.055750
0 0.487500 0.380625 0.061000 0.055750
0 0.173000 0.267500 0.073333 0.066500
0 0.175833 0.313250 0.065667 0.058000
0 0.242000 0.279000 0.064667 0.063500
0 0.104667 0.263875 0.066667 0.057750
0 0.201000 0.218625 0.091333 0.054250
0 0.120000 0.211750 0.074000 0.053500
0 0.285167 0.256500 0.052333 0.048500
0 0.162833 0.176375 0.068333 0.044250
0 0.240500 0.164625 0.090333 0.052250
0 0.062000 0.177500 0.104667 0.056500
0 0.174833 0.124250 0.081000 0.061500
0 0.098500 0.122500 0.079000 0.069500
0 0.142833 0.084375 0.070333 0.044250
0 0.276667 0.076125 0.086667 0.049250
0 0.078667 0.060750 0.075333 0.051500
0 0.030167 0.130375 0.059667 0.053750
0 0.202000 0.031875 0.064667 0.063250
