0 0.327167 0.266500 0.048333 0.041500
0 0.479000 0.823500 0.062667 0.051500
0 0.548167 0.820375 0.065667 0.070750
0 0.567667 0.771125 0.068667 0.070750
0 0.501333 0.748875 0.071333 0.089250
0 0.538000 0.697875 0.064667 0.082750
0 0.470500 0.682500 0.078333 0.048000
0 0.506667 0.642875 0.066667 0.062750
0 0.630500 0.651750 0.070333 0.043500
0 0.615167 0.735000 0.057000 0.055500
0 0.388000 0.711375 0.058000 0.064250
0 0.322333 0.691750 0.071333 0.076500
0 0.310333 0.622500 0.080000 0.089500
0 0.259000 0.655375 0.049333 0.043750
0 0.438000 0.641125 0.078000 0.080750
0 0.371500 0.584000 0.059000 0.045000
0 0.568667 0.618625 0.068667 0.082750
0 0.627167 0.612500 0.065667 0.039500
0 0.592333 0.573250 0.057333 0.055000
0 0.587167 0.460000 0.103667 0.054500
0 0.498500 0.597500 0.050333 0.043500
0 0.486167 0.477125 0.061667 0.052750
0 0.553333 0.540375 0.053333 0.059250
0 0.327667 0.528250 0.055333 0.052000
0 0.441833 0.522125 0.061000 0.074250
0 0.474833 0.563875 0.054333 0.057750
0 0.433833 0.583250 0.050333 0.043500
0 0.609000 0.782875 0.046667 0.048750
0 0.188000 0.693500 0.060000 0.048500
0 0.135167 0.687125 0.059000 0.067250
0 0.081500 0.674250 0.065667 0.068500
0 0.124667 0.639375 0.051333 0.054250
0 0.170000 0.635000 0.050667 0.055500
0 0.274833 0.596000 0.090333 0.073500
0 0.293333 0.498625 0.068667 0.037250
0 0.382333 0.318250 0.060000 0.043500
0 0.318000 0.334625 0.066667 0.037750
0 0.421500 0.412125 0.067667 0.071250
0 0.148167 0.535375 0.050333 0.052250
0 0.178167 0.563125 0.045667 0.040750
0 0.065167 0.628500 0.081000 0.071500
0 0.044667 0.585250 0.051333 0.035000
0 0.090000 0.548125 0.066000 0.050750
0 0.120500 0.508250 0.056333 0.033500
0 0.486167 0.421000 0.067667 0.075000
0 0.603667 0.416000 0.080000 0.045000
0 0.573833 0.351750 0.052333 0.068000
0 0.513833 0.328625 0.065667 0.074250
0 0.475167 0.301500 0.059000 0.030000
0 0.321000 0.378875 0.064667 0.049250
0 0.262833 0.449000 0.068333 0.053500
0 0.339500 0.424750 0.054333 0.055000
0 0.404333 0.462875 0.048667 0.038750
0 0.532333 0.437125 0.036000 0.037250
0 0.658500 0.455000 0.054333 0.040000
0 0.692833 0.408875 0.075000 0.080750
0 0.641000 0.348625 0.070667 0.067250
0 0.586667 0.310000 0.076000 0.048500
0 0.415667 0.362750 0.062000 0.040000
0 0.222333 0.503625 0.042667 0.042750
0 0.186167 0.510750 0.052333 0.043000
0 0.145833 0.416000 0.045667 0.036500
0 0.179500 0.390000 0.048333 0.041500
0 0.057167 0.449250 0.047667 0.037000
0 0.032333 0.396750 0.057333 0.062000
0 0.062833 0.503500 0.057000 0.040000
0 0.167667 0.451125 0.053333 0.050750
0 0.276167 0.404000 0.055000 0.046500
0 0.180500 0.357500 0.075000 0.030500
0 0.112833 0.371875 0.045000 0.039250
0 0.211833 0.422875 0.063667 0.045750
0 0.309000 0.298625 0.050667 0.035750
0 0.259500 0.304250 0.052333 0.041500
0 0.164333 0.260375 0.062000 0.046250
0 0.122500 0.309750 0.064333 0.034000
0 0.069667 0.306375 0.046000 0.032750
0 0.186667 0.295625 0.058000 0.033250
0 0.112667 0.445000 0.053333 0.065500
0 0.085167 0.412500 0.072333 0.049500
0 0.078167 0.335875 0.097000 0.036250
0 0.159333 0.329625 0.072667 0.037250
0 0.132667 0.596125 0.059333 0.052250
0 0.123333 0.731625 0.042000 0.027750
