0 0.469500 0.210375 0.087667 0.109250
0 0.535333 0.299625 0.093333 0.142250
0 0.382500 0.305750 0.105667 0.070000
0 0.642000 0.295000 0.093333 0.068500
0 0.547667 0.417500 0.091333 0.112000
0 0.451833 0.411750 0.132333 0.168000
0 0.407667 0.220000 0.080000 0.105500
0 0.543833 0.662750 0.091667 0.080000
0 0.633833 0.671375 0.103667 0.094250
0 0.486333 0.736000 0.086667 0.105000
0 0.424333 0.789250 0.090667 0.073000
0 0.618667 0.799750 0.060000 0.095000
0 0.544833 0.785000 0.101000 0.128500
0 0.490000 0.828500 0.067333 0.070000
0 0.400000 0.730750 0.084000 0.071500
0 0.505667 0.551125 0.089333 0.087750
0 0.707167 0.692875 0.054333 0.054250
0 0.637667 0.531000 0.086667 0.083500
0 0.571000 0.569250 0.088667 0.120000
0 0.452000 0.597125 0.060000 0.052750
0 0.422833 0.662750 0.163667 0.080000
0 0.589667 0.726500 0.120000 0.060000
0 0.270333 0.607125 0.080000 0.085750
0 0.311500 0.626875 0.061000 0.069250
0 0.190000 0.592500 0.086667 0.065000
0 0.386167 0.620625 0.069667 0.054250
0 0.260000 0.534625 0.074000 0.077750
0 0.255667 0.456375 0.144000 0.074250
0 0.288500 0.400750 0.049667 0.040000
0 0.713333 0.352875 0.114000 0.071250
0 0.675333 0.415750 0.082000 0.087000
0 0.716667 0.457875 0.077333 0.095750
0 0.773333 0.411375 0.064667 0.087250
0 0.432000 0.532500 0.098000 0.102000
0 0.342833 0.558250 0.083667 0.075000
0 0.368000 0.474250 0.062000 0.061500
0 0.386667 0.380000 0.127333 0.137000
0 0.633333 0.597125 0.051333 0.055750
0 0.667000 0.615375 0.033333 0.052250
